-2.3982415223035057e-06 4.835903203003634e-05 0.007122033344597205
-1.0696528777672973e-05 6.230181493623171e-06 0.02426852006454426
-3.460086827882417e-05 -0.00010386806794421085 0.06247885857390605
-8.367411755042795e-05 -2.602576167335291e-07 0.12165502794072154
-0.00015613511262107483 0.0004811321333029212 0.2000380725473372
-0.00019707348131275655 0.0007232228728282048 0.2851600486017952
-0.0003037251744022876 0.00026006459963489654 0.36519619064504055
-0.0005369104681295174 -0.000777496126440972 0.437496073451479
-0.0006257768701689034 -0.002015338171708414 0.5020157331489605
-0.0002646892941861714 -0.003072199909401044 0.5593748191986605
0.0004800081349508619 -0.003914870027948467 0.6102945167122902
0.0012196402200050985 -0.004549866555918323 0.6554699288843858
0.0016802300758215752 -0.004605468460939243 0.6955198352920451
0.0020489839742100784 -0.003730328033997611 0.7309822532079964
0.0025019876947591714 -0.0020975263119372913 0.7623526897885835
0.0026716465591955178 -0.000344541696566685 0.79017758412164
0.002142930736171026 0.0009592992779596501 0.8148729941944439
0.0010460920416874796 0.0017938880728607847 0.8367488655403428
-0.0002909802278373043 0.002385532434144448 0.8561518680139102
-0.001999436778564338 0.0026295334428865554 0.8733333755060709
-0.004249094380275009 0.0023904988145098203 0.8885281153406153
-0.006578865810862299 0.0021842033411969344 0.9020193811190608
-0.008482761379698776 0.0025958069061416053 0.9139838759559106
-0.010059987680748525 0.003518915694496685 0.9245816464520802
-0.011480391985689859 0.004311548364319903 0.9339895400877234
-0.012213866000818842 0.004494040266423873 0.9423197052752723
-0.011597786429275251 0.004341231656482749 0.9496437251193314
-0.009705373103815485 0.004218541519295687 0.9560879198150445
-0.007348329443337474 0.003779067991894003 0.9618261421291455
-0.005402144141271311 0.002661992620502009 0.9669381393220872
-0.003980432444984048 0.0012967720346224489 0.9714818426454159
-0.0026320042090773395 0.00019016040078463105 0.9755240271509932
-0.001211390580596849 -0.0008828995691908031 0.9791172943639093
-0.00038049524963937125 -0.0022388962597920123 0.982287550894901
-0.0009393774998846057 -0.003475902983858116 0.9850210949094461
-0.0028730576429384907 -0.004126722064433755 0.987371598560999
-0.005304450025559275 -0.00451317157516645 0.9895015355827814
-0.007301932160434947 -0.0050524331680598875 0.9914675667725696
-0.008678985498665456 -0.005405632584119793 0.993239285222882
-0.009908735283468303 -0.005202429650788219 0.9948106243346908
-0.011269570236310119 -0.004849263514106909 0.9962022793777191
-0.012270418309629178 -0.004844342948596696 0.9974351522254539
-0.012383349240143037 -0.005019556283945013 0.9985168285083303
-0.01184717894613398 -0.00517859251189456 0.9994773076029131
-0.011033235011556224 -0.0059007920980526955 1.0003157926543156
-0.009554975887882894 -0.007832609432869507 1.0009572029443534
-0.007013154271715922 -0.010788633727447207 1.0014106374879228
-0.003791329601206462 -0.013691507241877275 1.0018685244014418
-0.00028388359057934744 -0.015326931010158593 1.0023613343268272
0.0038271333096097284 -0.015311158517602987 1.0027502655083698
0.008832806792041932 -0.014099201198831224 1.003023637688984
0.014199547193606325 -0.012194665808230169 1.0032992268688747
0.01874446017704087 -0.009347951831699609 1.0036110586534877
0.021548093725728874 -0.005220317897239424 1.0038346070225954
0.022563832067398107 -0.0002168972977072038 1.0039753633050637
0.02256337346556427 0.0049041856099344356 1.0041902565552268
0.02244592581376503 0.009856084586958944 1.0044858148403844
0.02235488770606363 0.01443299125882977 1.004787215360313
0.021675258222273956 0.017667006281063904 1.0050384598094741
0.0197108455387169 0.01858032764509974 1.0050755233387836
0.016528662848242667 0.017073619943183627 1.0048955671552147
0.013115102850782389 0.013922455344212551 1.0047436303374466
0.010534616145446273 0.010040177304616458 1.0047578403392066
0.009005968846355824 0.0056283634551532276 1.0048599165619176
0.007931209723850138 0.0008457949980272335 1.0049980997934442
0.006700212597273502 -0.0033941308026724463 1.0051838639863029
0.005470246199802805 -0.006136459905719648 1.0053537578679792
0.004520197682284614 -0.007269974634270517 1.0054350463168507
0.003395857918347472 -0.007539211627371662 1.0055143892113487
0.0015903418495280155 -0.007716224538785925 1.0055942750789961
-0.0006173229839232487 -0.007776797852771168 1.0056764881353266
-0.0028811374724925128 -0.007627109139661636 1.0057905588053404